-77
63
-23
11
45
-19
-56
89
-14
12
39
-2
-65
54
-39
4
-32
21
-71
33
-50
27
90
-84
61
-6
88
-3
49
9
-24
61
-70
-50
77
-27
16
62
13
22
-60
47
-4
29
39
-58
51
-75
24
28
-49
65
-5
38
15
-13
30
-66
20
-8
67
72
41
31
-18
9
-34
53
-1
66
68
32
-21
-26
79
37
74
-33
-60
17
80
44
-62
34
42
-41
-52
58
64
70
71
-43
-74
73
-10
35
8
5
69
-30
-51
-35
-37
-25
40
36
-67
18
-36
46
23
-47
56
-38
26
59
-12
43
-61
-48
-63
50
-28
-73
-55
-40
48
-64
-16
-59
-44
-15
25
18
-22
-17
-72
-11
-36
-29
12
-20
60
-9
66
-53
27
75
8
-68
19
59
-46
-57
-54
-78
62
-29
52
-69
-1
-42
30
-80
-25
-44
-58
-9
-76
-5
-39
10
65
-62
-34
7
56
53
64
57
51
-10
-55
69
31
66
74
-47
39
6
22
1
41
-11
8
-19
38
21
50
-30
-32
27
63
33
-18
60
30
-60
29
24
57
-45
34
65
-28
5
62
42
-31
46
4
20
35
33
47
56
51
-77
10
-16
72
-8
59
38
61
-72
70
44
37
25
72
41
-9
-8
-4
13
-59
18
45
37
73
-49
-39
64
31
60
26
24
64
18
55
29
22
80
13
-39
23
61
49
3
25
64
13
28
61
54
32
44
13
9
-65
-60
-35
11
-41
57
31
63
48
14
56
8
16
26
72
24
56
-66
-28
40
-68
40
47
65
56
59
-12
45
18
39
34
25
33
61
49
-55
53
-70
23
30
70
33
-60
-14
-19
3
49
17
-41
66
31
28
12
46
67
-10
5
56
24
16
-34
47
41
39
-17
-35
-22
6
68
14
37
-10
-26
56
70
64
-43
47
62
65
27
16
-38
15
-4
56
-15
22
72
57
-47
-41
55
59
64
40
19
67
47
36
15
58
-14
39
16
61
2
26
33
31
59
34
56
-32
60
41
15
60
51
72
50
22
8
55
58
30
27
19
70
48
69
-14
9
65
-22
72
60
11
26
-4
61
-39
60
-56
68
35
48
50
45
-14
44
38
59
32
-9
58
55
61
57
29
18
41
44
21
-45
-62
2
-64
62
63
45
23
34
66
59
37
8
56
20
64
39
3
-2
56
-56
44
45
46
53
38
41
44
30
-32
33
19
-31
67
66
41
43
48
13
59
47
17
44
46
60
50
-12
59
31
21
48
45
64
60
13
50
61
39
51
-51
-30
24
69
68
39
39
22
64
53
59
36
36
-35
9
-43
40
-30
39
50
13
62
12
-14
9103